1983 0
139 0
11 0
1923 0
093 0
23 0
255 0
100 0
9 0
10 0
1987 0
143 0
93 0
三八 0
六六 0
1931 0
68 0
60 0
1953 0
265 0
85 0
81 0
76 0
1952 0
63 0
2 0
一八 0
881 0
25 0
20 0
183 0
170 0
1978 0
九一八 0
666 0
1988 0
三 0
237 0
28 0
千 0
三六 0
52 0
908 0
5 0
二九 0
1989 0
354 0
121 0
2039 0
95 0
75 0
1968 0
007 0
065 0
1980 0
1913 0
105 0
13 0
19 0
1984 0
三九 0
193 0
64 0
130 0
4 0
554 0
八一 0
386 0
61 0
62 0
15 0
九 0
1911 0
万 0
1 0
311 0
六 0
178 0
1986 0
8 0
65 0
1900 0
72 0
二 0
六二 0
1942 0
三九一一 0
70 0
703 0
1982 0
17 0
0058 0
3 0
50 0
175 0
二四 0
45 0
四九 0
30 0
002 0
678 0
020 0
797 0
023 0
三三 0
188 0
1965 0
九九 0
1973 0
78 0
90 0
42 0
27 0
563 0
6 0
273 0
18 0
180 0
063 0
七七 0
686 0
21 0
五一 0
365 0
125 0
1912 0
32 0
201 0
46 0
五四 0
1966 0
五 0
三七 0
598 0
151 0
六六六 0
607 0
094 0
12 0
103 0
1981 0
67 0
0003 0
97 0
零 0
025 0
1950 0
127 0
132 0
147 0
九九八十一 0
55 0
0 0
1985 0
186 0
157 0
7 0
004 0
一 0
163 0
